[ 0.00000000e+00 -1.38544571e-12 -2.39314288e-13  4.62010753e-11
 -1.86809773e-10 -1.88180339e-15  8.87303182e-16  2.17511080e-05
 -2.02847485e-06 -1.59792834e-08  9.94492532e-10] 1.4238668184320844e-12


[ 0.00000000e+00 -1.34157007e-12 -2.43502736e-13  4.18030722e-11
 -1.70243951e-10 -1.88180339e-15  9.47209422e-16  2.20840660e-05
 -2.11341874e-06 -1.59792834e-08  9.01093380e-10] 3.3782302061476433e-14


[ 0.00000000e+00 -1.34157007e-12 -2.39500664e-13  3.93964654e-11
 -1.76372543e-10 -1.79528508e-15  9.74197339e-16  2.00010867e-05
 -2.21274832e-06 -1.62774610e-08  8.39523570e-10] 7.78962962266318e-15


[ 0.00000000e+00 -1.32224490e-12 -2.62445101e-13  4.00682289e-11
 -1.76372543e-10 -1.84826898e-15  9.51748802e-16  2.14682832e-05
 -2.21274832e-06 -1.49786697e-08  8.00970477e-10] 7.861582355109201e-15
