[ 1.05025573e+00  9.76501388e-01  0.00000000e+00  1.12948265e+00
   0.00000000e+00  0.00000000e+00  1.10417608e-15  2.94447024e-05
  -1.75680414e-06 -2.09976230e-08  8.67920327e-10  1.04998620e+11
   1.05503207e+11  2.11511002e+11]


[ 1.05025573e+00  9.12352350e-01  0.00000000e+00  1.11533098e+00
   0.00000000e+00  0.00000000e+00  1.03255586e-15  2.94447024e-05
  -1.75680414e-06 -2.09976230e-08  8.67920327e-10  1.05174861e+11
   1.05665908e+11  2.11822863e+11]


[ 0.00000000e+00, -1.38173133e-12, -2.07920229e-13,  4.62010753e-11,
 -1.75214813e-10, -1.79028206e-15,  8.43964182e-16,  2.63377443e-05,
 -2.01330090e-06, -1.60849486e-08,  9.43283492e-10 ] [105281399219.81972, 132205356877.35258]



[ 0.00000000e+00, -1.40250541e-12, -2.40097794e-13,  4.94676111e-11,
 -1.75214813e-10, -1.81286456e-15,  8.44549853e-16,  2.44047135e-05,
 -2.01954897e-06, -1.64914228e-08,  9.64645976e-10 ]  [174894284661.39752, 172431225755.85147]

