[
    [
        2.0,
        8.0,
        328155745458.71185,
        288435632626.16187
    ],
    [
        6.0,
        0.0,
        541953571912.3693,
        479954748870.2965
    ],
    [
        122.0,
        3.0,
        659328762465.7783,
        634211268439.7384
    ],
    [
        7.0,
        3.0,
        663762758622.9744,
        620531002241.8142
    ],
    [
        12.0,
        9.0,
        664092906210.1389,
        544091252245.55695
    ],
    [
        11.0,
        3.0,
        680361999212.0072,
        1152806182165.2942
    ],
    [
        10.0,
        5.0,
        688587662051.7415,
        949236416608.0752
    ],
    [
        8.0,
        5.0,
        749851341873.9695,
        531046106497.4251
    ],
    [
        9.0,
        8.0,
        753951441674.2576,
        783440292302.4669
    ],
    [
        123.0,
        3.0,
        788991467982.6184,
        499273320696.1655
    ],
    [
        117.0,
        3.0,
        840874654021.1,
        608513789510.1082
    ],
    [
        125.0,
        4.0,
        849127334245.3662,
        542823179801.34033
    ],
    [
        126.0,
        8.0,
        850021894706.0001,
        542456477586.3385
    ],
    [
        124.0,
        4.0,
        854371544712.2852,
        551645051742.1976
    ],
    [
        24.0,
        1.0,
        892362016269.4879,
        809340520159.3821
    ],
    [
        30.0,
        2.0,
        893506827830.2764,
        851377895940.7366
    ],
    [
        27.0,
        3.0,
        893953226445.6562,
        829074149449.889
    ],
    [
        26.0,
        8.0,
        895068050491.5153,
        834961467659.5698
    ],
    [
        25.0,
        7.0,
        895068506551.7058,
        835085381934.3218
    ],
    [
        23.0,
        9.0,
        895208952002.9114,
        960744544201.4392
    ],
    [
        29.0,
        8.0,
        901002480829.0715,
        866679001414.268
    ],
    [
        118.0,
        0.0,
        907006137307.031,
        543051366048.3366
    ],
    [
        116.0,
        5.0,
        910991722756.3074,
        902851472358.2379
    ],
    [
        20.0,
        9.0,
        911060054904.1898,
        1125839719684.0034
    ],
    [
        115.0,
        5.0,
        911273318359.3625,
        893795779734.3756
    ],
    [
        22.0,
        6.0,
        914727335033.8363,
        1163571383786.9465
    ],
    [
        21.0,
        1.0,
        933969751614.6768,
        902142643068.7859
    ],
    [
        14.0,
        4.0,
        937258603154.6436,
        1208236512127.4827
    ],
    [
        16.0,
        1.0,
        940311564610.5774,
        876512302840.0695
    ],
    [
        120.0,
        7.0,
        964213248933.143,
        1045859364899.1873
    ]
]