[
    [
        35.0,
        3.0,
        1013854645427.4694,
        1129222106111.5776
    ],
    [
        127.0,
        6.0,
        1014578162527.2214,
        1201748652793.6655
    ],
    [
        34.0,
        9.0,
        1014720692850.8,
        1132447651836.1458
    ],
    [
        33.0,
        9.0,
        1021873159801.8938,
        1159583085919.3687
    ],
    [
        31.0,
        8.0,
        1026102502009.4877,
        1136250049261.044
    ],
    [
        5.0,
        0.0,
        1028247503567.7637,
        1724170167397.176
    ],
    [
        121.0,
        0.0,
        1031708247064.3914,
        1238614603623.0132
    ],
    [
        128.0,
        6.0,
        1039088305519.5221,
        1255637109382.4338
    ],
    [
        36.0,
        2.0,
        1039277756416.3461,
        1261264493290.1777
    ],
    [
        37.0,
        4.0,
        1039277756416.3461,
        1261264493290.1777
    ],
    [
        39.0,
        6.0,
        1040129866805.8148,
        1269519452695.17
    ],
    [
        38.0,
        2.0,
        1041927249427.6897,
        1274823022352.7827
    ],
    [
        28.0,
        8.0,
        1042754223705.2859,
        857309815889.6285
    ],
    [
        32.0,
        6.0,
        1059309769858.717,
        1083570517257.9095
    ],
    [
        13.0,
        4.0,
        1062566648759.8962,
        1907153251194.7454
    ],
    [
        119.0,
        5.0,
        1125009207615.954,
        1475151980494.9001
    ],
    [
        15.0,
        9.0,
        1149872584608.9185,
        1716359879049.487
    ],
    [
        19.0,
        1.0,
        1164743462080.827,
        2118329452651.9973
    ],
    [
        17.0,
        2.0,
        1176194679253.7056,
        2190687939834.0903
    ],
    [
        41.0,
        5.0,
        1282281378846.5476,
        1887786506084.2532
    ],
    [
        40.0,
        7.0,
        1287394376367.2073,
        1902121878559.0066
    ],
    [
        132.0,
        5.0,
        1462434666573.4956,
        2319886916866.55
    ],
    [
        131.0,
        6.0,
        1464713764745.1724,
        2324273766804.7515
    ],
    [
        129.0,
        1.0,
        1483053410214.6497,
        2366767664830.3887
    ],
    [
        18.0,
        7.0,
        1504744083000.283,
        3108598309921.466
    ],
    [
        114.0,
        7.0,
        1594299666646.5913,
        2630178464211.6416
    ],
    [
        133.0,
        6.0,
        1598438149251.276,
        2638416741897.8887
    ],
    [
        134.0,
        4.0,
        1598447391521.1924,
        2638444848625.719
    ],
    [
        130.0,
        6.0,
        1704778548253.5444,
        2872734110039.093
    ],
    [
        112.0,
        4.0,
        1872580603874.463,
        3266785051866.259
    ],
    [
        42.0,
        4.0,
        1886940302913.0188,
        3310416172793.5474
    ],
    [
        113.0,
        7.0,
        1891215416779.5715,
        3308760873468.1875
    ],
    [
        43.0,
        0.0,
        1894727206435.5437,
        3322501394977.0
    ],
    [
        44.0,
        8.0,
        1897399132031.437,
        3327511052587.25
    ],
    [
        46.0,
        8.0,
        1902709016726.004,
        3335209823984.7544
    ],
    [
        53.0,
        9.0,
        1902780777851.1074,
        3335396107964.5503
    ],
    [
        50.0,
        7.0,
        1904876293618.0542,
        3340877090925.9385
    ],
    [
        47.0,
        2.0,
        1905223953791.4446,
        3341131035006.9727
    ],
    [
        51.0,
        7.0,
        1905695908048.3918,
        3342422120442.947
    ],
    [
        54.0,
        1.0,
        1905823919115.132,
        3342471243741.911
    ],
    [
        45.0,
        7.0,
        1906886273740.289,
        3345541614139.835
    ],
    [
        52.0,
        5.0,
        1906979988069.607,
        3345792678936.944
    ],
    [
        49.0,
        8.0,
        1906979991757.5566,
        3345792690097.3896
    ],
    [
        48.0,
        6.0,
        1908118635971.7573,
        3347785454350.512
    ],
    [
        55.0,
        1.0,
        1948134467618.1067,
        3437894967426.3833
    ],
    [
        56.0,
        4.0,
        1948178676130.977,
        3437951741386.772
    ],
    [
        111.0,
        7.0,
        1966227069990.0112,
        3478648440475.9473
    ],
    [
        110.0,
        7.0,
        1977988240696.3325,
        3505143068959.1265
    ],
    [
        109.0,
        1.0,
        1984842234451.5168,
        3520579979756.413
    ],
    [
        108.0,
        5.0,
        2019270297774.8867,
        3598013337784.376
    ],
    [
        57.0,
        2.0,
        2023355364733.806,
        3607199040651.353
    ],
    [
        59.0,
        0.0,
        2026849624718.0215,
        3615043484079.2686
    ],
    [
        58.0,
        4.0,
        2026849624974.0454,
        3615043484447.319
    ],
    [
        60.0,
        5.0,
        2026935475906.5417,
        3615229587240.492
    ],
    [
        61.0,
        6.0,
        2026937043088.6152,
        3615231913288.6094
    ],
    [
        62.0,
        5.0,
        2026938261114.6309,
        3615234729933.814
    ],
    [
        63.0,
        9.0,
        2026939088652.5884,
        3615236258366.884
    ],
    [
        107.0,
        2.0,
        2027030814595.384,
        3615428250079.883
    ],
    [
        65.0,
        7.0,
        2027483734851.5254,
        3616482492389.79
    ],
    [
        64.0,
        2.0,
        2027539355616.5945,
        3616585203810.9546
    ],
    [
        103.0,
        2.0,
        2027990777033.013,
        3617594191300.6978
    ],
    [
        102.0,
        6.0,
        2027991000432.235,
        3617594517058.1377
    ],
    [
        106.0,
        4.0,
        2028931654903.3618,
        3619704674524.618
    ],
    [
        66.0,
        2.0,
        2029290326652.1992,
        3620512738199.4365
    ],
    [
        105.0,
        6.0,
        2029614443603.7786,
        3621242072198.786
    ],
    [
        101.0,
        3.0,
        2029927309650.3665,
        3621941930408.81
    ],
    [
        104.0,
        1.0,
        2030246309046.0847,
        3622658991228.167
    ],
    [
        99.0,
        1.0,
        2030903705036.901,
        3624133875544.896
    ],
    [
        100.0,
        8.0,
        2030906510658.2449,
        3624140174191.0986
    ],
    [
        67.0,
        2.0,
        2030940666473.7766,
        3624236281750.9014
    ],
    [
        98.0,
        3.0,
        2030973107650.1997,
        3624289667637.0547
    ],
    [
        135.0,
        1.0,
        2030983959514.3716,
        3624294709927.698
    ],
    [
        68.0,
        5.0,
        2030991146556.511,
        3624322039994.9907
    ],
    [
        70.0,
        2.0,
        2030998873283.6477,
        3624335966466.0234
    ],
    [
        75.0,
        8.0,
        2030998987654.5532,
        3624336167996.3345
    ],
    [
        73.0,
        6.0,
        2030998990463.5227,
        3624336175058.0596
    ],
    [
        72.0,
        8.0,
        2030998991464.4675,
        3624336176881.5806
    ],
    [
        74.0,
        7.0,
        2030998997102.8274,
        3624336187283.3057
    ],
    [
        76.0,
        0.0,
        2030999011774.914,
        3624336214175.5767
    ],
    [
        71.0,
        7.0,
        2030999143741.8684,
        3624336591636.41
    ],
    [
        69.0,
        0.0,
        2030999228046.3374,
        3624336786591.5635
    ],
    [
        78.0,
        6.0,
        2031015804457.257,
        3624382677500.161
    ],
    [
        77.0,
        1.0,
        2031015829839.5117,
        3624382724476.1396
    ],
    [
        84.0,
        2.0,
        2031019352070.5874,
        3624392532586.0454
    ],
    [
        83.0,
        1.0,
        2031019353539.4946,
        3624392534695.1377
    ],
    [
        82.0,
        2.0,
        2031019428099.8586,
        3624392725045.4736
    ],
    [
        80.0,
        5.0,
        2031019428682.9753,
        3624392726286.1304
    ],
    [
        81.0,
        9.0,
        2031019430130.1667,
        3624392729185.2227
    ],
    [
        79.0,
        2.0,
        2031019458283.4402,
        3624392794645.1553
    ],
    [
        86.0,
        0.0,
        2031020062728.9285,
        3624394516855.6445
    ],
    [
        85.0,
        9.0,
        2031020094655.1719,
        3624394589048.8945
    ],
    [
        136.0,
        6.0,
        2031020536283.5903,
        3624396048091.247
    ],
    [
        90.0,
        6.0,
        2031021002228.9167,
        3624397175434.409
    ],
    [
        89.0,
        1.0,
        2031021003823.916,
        3624397177727.7617
    ],
    [
        91.0,
        4.0,
        2031021003839.931,
        3624397177758.7905
    ],
    [
        88.0,
        1.0,
        2031021003939.6948,
        3624397177995.414
    ],
    [
        87.0,
        3.0,
        2031021003941.6772,
        3624397177999.275
    ],
    [
        92.0,
        6.0,
        2031021005567.7278,
        3624397180906.6367
    ],
    [
        96.0,
        0.0,
        2031021025717.0288,
        3624397237650.751
    ],
    [
        95.0,
        4.0,
        2031021025717.5059,
        3624397237652.953
    ],
    [
        93.0,
        9.0,
        2031021025758.6067,
        3624397237736.81
    ],
    [
        94.0,
        0.0,
        2031021025766.6199,
        3624397237755.335
    ],
    [
        97.0,
        9.0,
        2031021034396.44,
        3624397252308.845
    ],
    [
        137.0,
        0.0,
        2031237677348.3445,
        3624883558199.4053
    ],
    [
        138.0,
        3.0,
        2031237680374.9448,
        3624883574582.6343
    ],
    [
        139.0,
        2.0,
        2031237681479.3093,
        3624883576648.167
    ],
    [
        140.0,
        2.0,
        2031237702903.9634,
        3624883635986.7046
    ],
    [
        141.0,
        5.0,
        2031237703477.6772,
        3624883637495.2017
    ],
    [
        4.0,
        2.0,
        3096119512435.0576,
        7539705397121.299
    ],
    [
        1.0,
        2.0,
        4244381263112.699,
        4770808175591.138
    ]
]