[ 1.14611574e+00  9.46046279e-01  0.00000000e+00  1.21870377e+00
   0.00000000e+00  0.00000000e+00  1.04380529e-15  2.95829373e-05
  -1.75680414e-06 -2.09976230e-08  8.67920327e-10  9.82923124e+10
   1.02754189e+11  2.05508378e+11]

[ 1.05025573e+00  9.67027086e-01  0.00000000e+00  1.18118392e+00
   0.00000000e+00  0.00000000e+00  1.04380529e-15  2.94447024e-05
  -1.75680414e-06 -2.09976230e-08  8.67920327e-10  1.04362220e+11
   1.04920676e+11  2.09841351e+11]

[ 1.05025573e+00  9.76501388e-01  0.00000000e+00  1.15376569e+00
   0.00000000e+00  0.00000000e+00  1.10417608e-15  2.94447024e-05
  -1.75680414e-06 -2.09976230e-08  8.67920327e-10  1.04698554e+11
   1.05227575e+11  2.10455150e+11]

[ 1.05025573e+00  9.76501388e-01  0.00000000e+00  1.12948265e+00
   0.00000000e+00  0.00000000e+00  1.10417608e-15  2.94447024e-05
  -1.75680414e-06 -2.09976230e-08  8.67920327e-10  1.04998620e+11
   1.05503207e+11  2.11006414e+11]

[ 1.05025573e+00  9.12352350e-01  0.00000000e+00  1.11533098e+00
   0.00000000e+00  0.00000000e+00  1.03255586e-15  2.94447024e-05
  -1.75680414e-06 -2.09976230e-08  8.67920327e-10  1.05174861e+11
   1.05665908e+11  2.11822863e+11]

[ 0.00000000e+00 -2.51935015e-12  0.00000000e+00  0.00000000e+00
  -1.90644422e-10 -1.22898115e-15  7.89923524e-16  2.83093434e-05
  -2.01013382e-06 -1.65157784e-08  9.21089984e-10  1.15389651e+11
   1.05631947e+11  2.40537006e+11]

[ 9.94602368e-01  0.00000000e+00  1.03558982e+00  1.03270817e+00
   0.00000000e+00  0.00000000e+00  9.14565968e-16  2.57518281e-05
  -1.75692767e-06 -1.73620949e-08  8.24165162e-10  9.68227931e+10
   1.33312005e+11  3.03113221e+11]

[ 0.00000000e+00  0.00000000e+00 -2.85122321e-13  5.43983348e-11
  -1.34198762e-10 -1.34355427e-15  4.87196298e-16  2.83199335e-05
  -2.01100755e-06 -1.63969215e-08  9.21969791e-10  1.16134547e+11
   1.04707796e+11  2.43695846e+11]

[ 1.07874670e+00  9.67027086e-01  0.00000000e+00  1.13780057e+00
   0.00000000e+00  0.00000000e+00  1.04380529e-15  2.75900023e-05
  -1.70602404e-06 -2.09976230e-08  8.67920327e-10  1.51148218e+11
   1.31164246e+11  3.02296437e+11]

[ 0.00000000e+00, -1.38173133e-12, -2.07920229e-13,  4.62010753e-11,
 -1.75214813e-10, -1.79028206e-15,  8.43964182e-16,  2.63377443e-05,
 -2.01330090e-06, -1.60849486e-08,  9.43283492e-10 ] [105281399219.81972, 132205356877.35258]


[ 0.00000000e+00 -1.38544571e-12 -2.39314288e-13  4.62010753e-11
 -1.86809773e-10 -1.88180339e-15  8.87303182e-16  2.17511080e-05
 -2.02847485e-06 -1.59792834e-08  9.94492532e-10] [40086786288.45606, 247466538897.35034]

[0.0, -1.6685716900469535e-12, -2.282392802350617e-13, 5.046576436616502e-11, -1.9197320673629708e-10, -1.6442832357375175e-15, 9.207460284167338e-16, 2.8347730253441736e-05, -2.0133009014271782e-06, -1.6084948619596254e-08, 9.242790902961063e-10]  [126555592226.91792, 119400575685.78525]






-------------




Final




-------------


[ 1.14611574e+00  9.46046279e-01  0.00000000e+00  1.21870377e+00
   0.00000000e+00  0.00000000e+00  1.04380529e-15  2.95829373e-05
  -1.75680414e-06 -2.09976230e-08  8.67920327e-10  9.82923124e+10
   1.02754189e+11  2.05508378e+11]

[ 1.05025573e+00  9.67027086e-01  0.00000000e+00  1.18118392e+00
   0.00000000e+00  0.00000000e+00  1.04380529e-15  2.94447024e-05
  -1.75680414e-06 -2.09976230e-08  8.67920327e-10  1.04362220e+11
   1.04920676e+11  2.09841351e+11]

[ 1.05025573e+00  9.76501388e-01  0.00000000e+00  1.15376569e+00
   0.00000000e+00  0.00000000e+00  1.10417608e-15  2.94447024e-05
  -1.75680414e-06 -2.09976230e-08  8.67920327e-10  1.04698554e+11
   1.05227575e+11  2.10455150e+11]

[ 1.05025573e+00  9.76501388e-01  0.00000000e+00  1.12948265e+00
   0.00000000e+00  0.00000000e+00  1.10417608e-15  2.94447024e-05
  -1.75680414e-06 -2.09976230e-08  8.67920327e-10  1.04998620e+11
   1.05503207e+11  2.11006414e+11]

[ 1.05025573e+00  9.12352350e-01  0.00000000e+00  1.11533098e+00
   0.00000000e+00  0.00000000e+00  1.03255586e-15  2.94447024e-05
  -1.75680414e-06 -2.09976230e-08  8.67920327e-10  1.05174861e+11
   1.05665908e+11  2.11822863e+11]

[ 0.00000000e+00 -2.51935015e-12  0.00000000e+00  0.00000000e+00
  -1.90644422e-10 -1.22898115e-15  7.89923524e-16  2.83093434e-05
  -2.01013382e-06 -1.65157784e-08  9.21089984e-10  1.15389651e+11
   1.05631947e+11  2.40537006e+11]

[ 9.94602368e-01  0.00000000e+00  1.03558982e+00  1.03270817e+00
   0.00000000e+00  0.00000000e+00  9.14565968e-16  2.57518281e-05
  -1.75692767e-06 -1.73620949e-08  8.24165162e-10  9.68227931e+10
   1.33312005e+11  3.03113221e+11]

[ 0.00000000e+00  0.00000000e+00 -2.85122321e-13  5.43983348e-11
  -1.34198762e-10 -1.34355427e-15  4.87196298e-16  2.83199335e-05
  -2.01100755e-06 -1.63969215e-08  9.21969791e-10  1.16134547e+11
   1.04707796e+11  2.43695846e+11]

[ 0.00000000e+00 -1.38544571e-12 -2.39314288e-13  4.62010753e-11
 -1.86809773e-10 -1.88180339e-15  8.87303182e-16  2.17511080e-05
 -2.02847485e-06 -1.59792834e-08  9.94492532e-10] [40086786288.45606, 247466538897.35034]

[0.0, -1.6685716900469535e-12, -2.282392802350617e-13, 5.046576436616502e-11, -1.9197320673629708e-10, -1.6442832357375175e-15, 9.207460284167338e-16, 2.8347730253441736e-05, -2.0133009014271782e-06, -1.6084948619596254e-08, 9.242790902961063e-10]  [126555592226.91792, 119400575685.78525]







